 80 31 
i  5    6   7  12  16  24
i  6    2   3   6  17  19  21
i  10    4   5   8  10  11  18  22  25  28  29
i  8    2   3   4   6  11  18  23  28
i  8    5  10  15  20  22  25  27  29
i  6    6   7  12  14  16  24
i  7    2   3  17  19  21  23  31
i  8    4   9  10  11  15  22  28  29
i  10    2   3   4   6  11  18  23  26  28  29
i  9    2   3   4   6  11  14  18  23  28
i  9    5   8   9  10  15  18  20  22  25
i  6    1   7  12  13  16  26
i  7    2   3   6  12  17  21  31
i  9    2   3   4   6  11  18  23  28  29
i  7    5  10  15  20  24  25  29
i  12    3   5   6   8  10  18  20  23  25  26  28  29
i  6    6   7  13  16  24  30
i  7    7  12  13  19  21  26  31
i  5    1   7  12  13  16
i  10    5   8   9  10  14  15  18  20  22  25
i  8    3   6   7  17  19  21  26  31
i  10    2   3   6   9  11  22  23  26  28  29
i  8    5  10  14  15  20  24  25  29
i  10    3   4   6   9  11  22  23  26  28  29
i  11    3   5   6   8  10  18  20  23  25  28  29
i  10    5   8   9  10  15  18  20  22  25  29
i  7    6  12  17  19  21  26  31
i  9    4   5   8  10  11  18  25  28  29
i  8    3   6  13  17  19  21  26  31
i  7    7  13  17  19  21  26  31
i  9    2   3   6   9  11  22  23  28  29
i  9    3   4   6   9  11  22  23  28  29
i  12    3   4   5   6   8  11  18  20  23  26  28  29
i  7    5  10  15  20  25  27  29
i  6    6  12  17  19  21  31
i  4    1  12  16  30
i  5    1   7  12  16  30
i  8    2   3   4   6  11  23  26  28
i  2   24  27
i  10    4   5   8  10  11  14  18  25  28  29
i  11    2   3   5   6   8  11  18  20  23  28  29
i  11    3   4   5   6   8  11  18  20  23  28  29
i  7   13  16  17  19  21  26  31
i  7    3   6  16  17  19  21  31
i  7    2   3   4   6  11  23  28
i  8    4   6   8  11  18  23  24  28
i  9    2   3   4   6  11  14  23  26  28
i  5    1   6   7  12  24
i  8    2   3   6   7  13  16  23  26
i  7    2   3   6   7  12  13  23
i  8    5  10  15  20  22  24  25  29
i  8    2   3   4   6  11  14  23  28
i  6    1   6   7  12  14  24
i  7    2   3   6  17  19  21  26
i  7    2   3   6   7  13  16  23
i  9    2   3   4   6  11  18  23  26  28
b  7    2   3   6  12  17  21  31
b  9    2   3   4   6  11  18  23  28  29
i  7    5  10  15  20  24  25  29
i  12    3   5   6   8  10  18  20  23  25  26  28  29
r  6    6   7  13  16  24  30
r  7    7  12  13  19  21  26  31
b  5    1   7  12  13  16
r  10    5   8   9  10  14  15  18  20  22  25
i  8    3   6   7  17  19  21  26  31
r  10    2   3   6   9  11  22  23  26  28  29
i  8    5  10  14  15  20  24  25  29
b  10    3   4   6   9  11  22  23  26  28  29
r  11    3   5   6   8  10  18  20  23  25  28  29
i  10    5   8   9  10  15  18  20  22  25  29
r  7    6  12  17  19  21  26  31
r  9    4   5   8  10  11  18  25  28  29
b  8    3   6  13  17  19  21  26  31
r  7    7  13  17  19  21  26  31
b  9    2   3   6   9  11  22  23  28  29
i  9    3   4   6   9  11  22  23  28  29
b  12    3   4   5   6   8  11  18  20  23  26  28  29
b  7    5  10  15  20  25  27  29
i  6    6  12  17  19  21  31
r  4    1  12  16  30
